251111021
251114131
251116032
251116091
251117063
251118046
251120136
251120207
251121001
251121110
251123047
251124060
251125087
251125119
251126050
251127072
251127088
251127103
251127121
251128125
251203241
251204150
251204196
251205106
251206078
251208145
251210026
251210142
251211055
251211076
251211082
251215089
251216004
251216036
251216075
251216084
251218051
251219072
251219086
251220005
251221023
251221040
251222010
251222072
251223085
260311158
260323133
260323140
260323141
260323142
7113302
7134723
7135571
7229486
7278891
7309999
7319355
7320371
7390719
8017126
8206424
8374926
8374936
8388395
8389055
8390566
8390579
8390592
8390800
8392294
8397352
8399108
8400047
8400347
8400631
8401035
8401815
8401862
8401928
8402717
8403044
8403109
8403293
8403584
8403655
8403683
8403697
8403706
8403741
8403764
8403962
8404152
8404656
8404814
8404829
8404940
8405240
8405335
8405481
8406731
8406764
8406846
8406861
8406932
8406978
8407226
8407297
8407393
8407408
8407441
8407445
8407670
8407790
8407795
8408021
8408061
8408220
8408222
8408260
8408261
8408264
8408312
8408347
8408560
8408571
8408574
8408579
8408580
8408791
8408858
8408905
8408945
8408994
8409018
8409046
8409070
8409113
8409118
8409129
8409197
8409257
8409344
8409397
8409457
8409461
8409511
8409531
8409545
8409549
8409553
8409556
8409558
8409581
8409582
8409586
8409594
8409614
8409671
8409759
8409778
8409850
8409897
8409914
8409939
8409949
8409960
8409996
8410017
8410026
8410039
8410091
8410101
8410103
8410105
8410107
8410146
8410167
8410173
8410182
8410193
8410208
8410224
8410264
8410265
8410271
8410280
8410289
8410290
8410301
8410302
8410314
8410332
8410341
8410345
8410356
8410365
8410367
8410370
8410382
8410428
8410447
8410515
8410553
8410571
8410605
8410613
8410659
8410668
8410675
8410680
8410686
8410695
8410709
8410729
8410731
8410736
8410737
8410761
8410765
8410784
8410785
8410787
8410788
8410804
8410838
8410850
8410855
8410860
8410864
8410865
8410882
8410887
8410890
8410891
8410903
8410933
8410934
8410935
8410957
8410958
8411000
8411015
8411040
8411051
8411071
8411075
8411078
8411097
8411108
8411127
8411129
8411136
8411159
8411163
8411173
8411180
8411229
8411292
8411314
8411323
8411325
8411331
8411353
8411354
8411358
8411360
8411362
8411377
8411399
8411413
8411445
8411461
8411467
8411480
8411501
8411503
8411504
8411508
8411512
8411514
8411520
8411522
8411549
8411557
8411563
8411589
8411593
8411600
8411616
8411627
8411650
8411658
8411666
8411672
8411673
8411677
8411691
8411698
8411703
8411705
8411708
8411713
8411724
8411732
8411738
8411746
8411763
8411764
8411771
8411772
8411774
8411775
8411784
8411793
8411795
8411798
8411799
8411832
8411833
8411847
8411856
8411857
8411859
8411865
8411874
8411898
8411901
8411926
8411951
8411956
8411958
8411967
8411972
8411977
8411996
8412009
8412019
8412020
8412032
8412036
8412050
8412060
8412071
8412078
8412113
8412122
8412128
8412144
8412150
8412162
8412167
8412176
8412182
8412190
8412192
8412204
8412205
8412208
8412210
8412217
8412230
8412242
8412246
8412250
8412268
8412277
8412295
8412309
8412312
8412317
8412325
8412349
8412360
8412364
8412365
8412372
8412384
8412396
8412398
8412406
8412416
8412424
8412428
8412431
8412432
8412438
8412444
8412445
8412447
8412448
8412452
8412453
8412467
8412481
8412498
8412500
8412502
8412503
8412505
8412522
8412550
8412551
8412553
8412557
8412565
8412566
8412574
8412586
8412593
8412602
8412611
8412615
8412621
8412624
8412638
8412640
8412650
8412655
8412667
8412729
8412735
8412737
8412740
8412743
8412749
8412759
8412761
8412766
8412776
8412778
8412789
8412799
8412806
8412817
8412821
